0001.png 165 217 186 277
0002.png 311 64 329 99
0003.png 230 81 243 112
0004.png 291 127 316 175
0005.png 89 112 150 163
0006.png 280 77 310 124
0007.png 154 137 186 204
0008.png 296 114 325 190
0009.png 167 116 193 180
0010.png 420 153 453 202 47 118 123 208
0011.png 119 121 135 176 276 104 308 168
0012.png 130 109 164 157 302 93 322 143
0013.png 96 126 134 203 276 104 297 181
0014.png 119 114 162 171 327 83 370 147
0015.png 318 144 346 228 172 110 197 200
0016.png 308 118 337 175 197 99 211 156
0017.png 142 149 164 194 314 123 355 181
0018.png 302 88 351 127
0019.png 310 107 361 146
0020.png 139 127 163 192
0021.png 93 111 139 163
0022.png 117 77 169 117
0023.png 325 155 375 238
0024.png 140 141 193 233
0025.png 342 146 359 206 190 133 217 214
0026.png 390 133 413 194
0027.png 128 3 176 87
0028.png 293 61 311 90
0029.png 295 104 314 142
0030.png 297 101 317 149
0031.png 323 128 382 174
0032.png 316 140 338 209 142 133 170 209
0033.png 201 80 239 112
0034.png 287 82 301 123
0035.png 177 142 204 194
0036.png 164 95 191 158
0037.png 362 81 377 105 149 55 184 81
0038.png 321 121 372 211
0039.png 321 68 358 166
0040.png 293 115 366 167
0041.png 109 129 141 179 339 119 354 173
0042.png 374 120 399 183
0043.png 284 160 357 238
0044.png 324 126 372 211
0045.png 396 145 442 190
0046.png 47 101 120 167
0047.png 59 90 82 127
0048.png 116 142 141 193 339 141 381 193
0049.png 380 118 450 185
0050.png 69 122 141 170
0051.png 170 138 194 189
0052.png 356 136 389 194
0053.png 301 176 334 222
0054.png 396 122 427 175
0055.png 97 151 134 196
0056.png 360 137 413 213
0057.png 68 118 118 213
0058.png 271 134 323 180
0059.png 261 120 286 170
0060.png 175 77 194 122
0061.png 98 111 124 183
0062.png 254 152 280 232
0063.png 364 118 424 186
0064.png 170 72 190 99 247 61 280 105
0065.png 313 162 342 243
0066.png 353 101 377 164
0067.png 241 128 263 192
0068.png 335 176 360 234
0069.png 75 149 118 207
0070.png 321 64 388 207
0071.png 30 146 144 274
0072.png 62 74 98 135
0073.png 134 118 166 170 307 110 331 165
0074.png 91 98 127 166
0075.png 324 139 365 219
0076.png 80 99 124 201 339 67 358 175
0077.png 335 103 356 159
0078.png 134 133 173 215
0079.png 55 138 88 188
0080.png 112 91 154 123
0081.png 372 131 405 189
0082.png 309 160 344 209
0083.png 137 166 187 238
0084.png 268 87 317 123
0085.png 273 124 296 161
0086.png 85 45 163 187
0087.png 345 152 378 209
0088.png 336 75 376 206
0089.png 352 109 398 185
0090.png 318 100 369 150
0091.png 298 148 338 208
0092.png 333 119 383 189
0093.png 130 143 175 218
0094.png 258 93 267 117
0095.png 162 52 181 91
0096.png 330 184 348 247
0097.png 79 87 110 143
0098.png 307 104 337 158
0099.png 267 213 297 257
0100.png 293 122 341 199
0101.png 340 99 393 201
0102.png 72 119 127 174
0103.png 125 120 142 166
0104.png 134 126 172 194
0105.png 333 105 349 147
0106.png 274 97 303 134
0107.png 318 87 358 168
0108.png 352 121 391 208
0109.png 91 172 139 222
0110.png 128 128 152 187
0111.png 301 118 330 179
0112.png 355 155 377 196
0113.png 88 110 122 172
0114.png 38 116 63 161
0115.png 284 121 303 181
0116.png 232 104 288 205
0117.png 330 161 378 248
0118.png 180 147 224 231
0119.png 310 103 344 151
0120.png 196 88 226 178
0121.png 235 82 268 145
0122.png 377 96 413 138
0123.png 253 105 282 181
0124.png 147 101 163 125
0125.png 305 101 319 135
0126.png 308 169 332 236
0127.png 31 130 60 181
0128.png 76 170 126 271
0129.png 97 145 128 218
0130.png 303 121 323 181
0131.png 380 164 409 245
0132.png 107 112 141 168 383 85 440 144
0133.png 133 173 172 233
0134.png 275 133 292 175
0135.png 167 127 193 166
0136.png 354 119 372 157 112 114 144 166
0137.png 149 161 188 234
0138.png 282 152 302 197
0139.png 50 150 106 260 331 88 362 206
0140.png 197 75 214 108
0141.png 132 125 162 190
0142.png 314 63 344 90
0143.png 110 64 127 90
0144.png 389 131 413 194
0145.png 155 108 173 168
0146.png 305 35 339 121
0147.png 365 69 376 88
0148.png 396 74 432 160
0149.png 147 114 174 160
0150.png 135 111 170 172
0151.png 141 100 170 143 309 87 320 131
0152.png 150 93 168 149
0153.png 300 86 337 135
0154.png 335 65 375 104
0155.png 76 107 123 153
0156.png 186 170 212 227
0157.png 205 82 213 113 272 65 285 99
0158.png 302 57 325 91
0159.png 128 88 161 146
0160.png 168 52 191 75
0161.png 328 119 371 188
0162.png 122 84 141 132
0163.png 225 111 253 179
0164.png 318 85 334 116 240 69 247 103
0165.png 115 163 140 235 293 134 325 211
0166.png 114 118 149 180
0167.png 162 137 190 197
0168.png 216 115 236 176 375 113 389 175
0169.png 333 101 383 158
0170.png 85 142 126 219
0171.png 398 99 442 162
0172.png 28 140 75 218
0173.png 360 108 417 179
0174.png 357 109 402 174
0175.png 84 114 130 170
0176.png 129 128 169 198
0177.png 382 108 410 172
0178.png 400 137 432 201
0179.png 94 84 143 195
0180.png 304 140 330 196
0181.png 325 123 359 170
0182.png 224 170 259 218
0183.png 138 102 168 135
0184.png 303 119 327 167
0185.png 325 188 374 270
0186.png 383 108 448 156
0187.png 160 89 195 136
0188.png 317 128 357 199
0189.png 155 162 185 231 309 152 334 227
0190.png 175 66 199 129
0191.png 169 70 199 96
0192.png 291 160 312 182
0193.png 257 104 284 165
0194.png 307 93 357 152
0195.png 147 107 181 145
0196.png 248 122 272 156
0197.png 90 155 145 215
0198.png 23 115 83 214
0199.png 286 98 312 142
0200.png 78 112 128 155
0201.png 163 121 197 169
0202.png 235 124 245 202 84 119 103 198
0203.png 353 116 377 177
0204.png 311 91 329 137
0205.png 217 99 233 143
0206.png 36 139 101 267
0207.png 267 87 281 133
0208.png 355 121 396 162
0209.png 87 86 107 144
0210.png 120 90 177 139
0211.png 276 104 313 156
0212.png 349 104 377 185
0213.png 374 110 426 184
0214.png 91 116 137 200
0215.png 165 111 183 154 338 105 367 149
0216.png 355 132 387 196
0217.png 284 103 304 149 71 96 100 143
0218.png 278 90 299 131
0219.png 339 131 360 202
0220.png 105 159 140 220
0221.png 336 133 365 201 126 119 153 189
0222.png 335 146 362 199
0223.png 149 109 169 160
0224.png 154 121 182 203
0225.png 315 108 349 151
0226.png 77 87 114 136
0227.png 51 78 106 139
0228.png 146 49 170 78
0229.png 169 120 184 179 275 114 288 175
0230.png 291 136 316 204
0231.png 357 108 401 191
0232.png 119 105 140 149
0233.png 411 115 468 183
0234.png 405 118 471 263
0235.png 133 94 169 138
0236.png 333 86 369 154
0237.png 360 109 395 176
0238.png 47 136 120 206
0239.png 104 139 139 226
0240.png 139 80 152 103
0241.png 429 129 478 215
0242.png 287 97 313 137
0243.png 66 184 94 257 270 153 301 230
0244.png 168 96 198 134
0245.png 317 89 353 127
0246.png 53 115 100 168
0247.png 0 22 71 150
0248.png 282 135 301 155
0249.png 296 85 316 123
0250.png 126 130 149 178 244 106 259 158
0251.png 181 90 203 146
0252.png 349 90 386 201
0253.png 357 41 437 221
0254.png 24 97 104 280
0255.png 142 111 165 187
0256.png 198 128 228 189
0257.png 318 153 341 176
0258.png 384 140 430 231
0259.png 394 118 427 173
0260.png 83 137 152 189
0261.png 417 135 438 171
0262.png 398 135 434 201
0263.png 176 94 199 141
0264.png 50 155 113 248
0265.png 340 96 358 129
0266.png 81 136 111 207
0267.png 140 140 169 192
0268.png 260 108 282 154
0269.png 376 139 417 195
0270.png 380 125 414 210
0271.png 170 104 202 152
0272.png 176 94 204 146
0273.png 91 149 136 194
0274.png 262 143 286 200
0275.png 158 204 189 268 328 162 348 231
0276.png 264 88 286 147
0277.png 134 198 161 255
0278.png 221 102 240 156
0279.png 320 63 337 113
0280.png 83 157 116 226
0281.png 413 95 436 122
0282.png 186 97 205 139
0283.png 392 124 421 214
0284.png 49 137 73 223
0285.png 144 91 168 132
0286.png 355 110 410 173
0287.png 272 128 303 204
0288.png 300 43 317 77
0289.png 129 110 164 168
0290.png 264 137 296 175 127 67 148 117
0291.png 363 68 381 107
0292.png 300 135 321 189
0293.png 58 127 95 201 381 126 399 203
0294.png 42 99 121 224
0295.png 313 141 357 217
0296.png 363 141 418 213
0297.png 323 180 348 221
0298.png 175 82 199 130
0299.png 305 181 363 248
0300.png 390 130 451 197
0301.png 162 114 190 164
0302.png 16 127 47 178 150 113 166 165
0303.png 236 174 258 215
0304.png 38 118 126 179
0305.png 185 108 225 157
0306.png 264 110 298 164
0307.png 123 107 162 163
0308.png 221 98 243 139
0309.png 280 60 303 103
0310.png 144 57 161 83
0311.png 277 86 286 127 179 83 189 123
0312.png 240 105 264 162
0313.png 411 97 444 161
0314.png 259 95 292 160
0315.png 132 107 170 173
0316.png 430 200 455 233
0317.png 233 114 253 161
0318.png 279 118 293 139
0319.png 104 148 122 209 259 140 276 207
0320.png 320 149 350 192
0321.png 269 142 304 211
0322.png 235 109 260 172
0323.png 263 100 284 133
0324.png 337 106 357 137 169 101 192 139
0325.png 359 120 381 162 80 117 134 175
0326.png 55 122 122 177
0327.png 359 119 403 166
0328.png 349 116 395 180
0329.png 163 119 186 208 342 104 373 196
0330.png 100 123 130 181 366 120 406 178
0331.png 336 129 381 195
0332.png 394 94 431 200
0333.png 262 107 287 145
0334.png 315 108 330 158 111 96 140 154
0335.png 279 113 302 178
0336.png 141 98 184 138
0337.png 363 102 392 152
0338.png 436 143 473 222
0339.png 227 125 253 181
0340.png 58 151 99 232
0341.png 314 115 341 195
0342.png 213 99 231 144
0343.png 168 119 181 190 318 111 349 185
0344.png 133 95 168 141
0345.png 69 147 119 278
0346.png 333 110 359 177 121 110 152 176
0347.png 281 104 315 177
0348.png 132 110 149 161 327 104 362 158
0349.png 109 155 171 217
0350.png 272 91 301 145
0351.png 342 113 378 182
0352.png 272 81 303 112
0353.png 308 78 329 108
0354.png 53 89 112 128
0355.png 312 110 347 171
0356.png 101 104 171 155
0357.png 146 161 165 207 300 136 319 193
0358.png 289 75 334 153
0359.png 303 121 334 157
0360.png 174 121 193 173
0361.png 53 131 103 196
0362.png 298 148 337 229
0363.png 112 123 140 178
0364.png 231 136 239 174 99 134 120 175
0365.png 358 121 386 187
0366.png 178 120 199 165
0367.png 98 111 129 160
0368.png 352 148 410 256
0369.png 98 128 142 193
0370.png 334 117 374 174
0371.png 154 89 187 132
0372.png 374 80 398 137
0373.png 429 119 449 173
0374.png 296 101 317 151
0375.png 116 120 144 191
0376.png 287 124 320 194
0377.png 188 105 214 157
0378.png 269 92 291 159
0379.png 347 133 377 206
0380.png 141 79 167 112
0381.png 82 155 124 228
0382.png 349 127 424 187
0383.png 163 123 190 189
0384.png 419 115 449 160
0385.png 416 52 456 161
0386.png 46 136 83 203
0387.png 411 131 453 179
0388.png 216 99 227 125
0389.png 174 109 208 163
0390.png 122 111 145 195
0391.png 43 143 85 217
0392.png 365 108 417 152
0393.png 319 103 356 153
0394.png 140 92 170 129
0395.png 19 155 62 239
0396.png 267 129 302 228
0397.png 367 144 426 224
0398.png 337 123 390 186
0399.png 281 97 310 179
0400.png 302 157 344 232
0401.png 135 107 156 208 325 98 354 208
0402.png 163 118 192 175
0403.png 347 88 386 152
0404.png 48 166 88 247
0405.png 343 86 396 143
0406.png 366 98 415 211
0407.png 20 82 58 188
0408.png 79 125 111 190 295 14 314 47
0409.png 298 123 367 182
0410.png 117 92 152 183
0411.png 370 137 407 204
0412.png 409 95 455 148
0413.png 265 74 304 109
0414.png 90 106 145 152
0415.png 152 61 176 115
0416.png 245 69 289 111
0417.png 453 127 480 168
0418.png 27 136 66 225
0419.png 332 145 358 225
0420.png 311 140 343 226
0421.png 299 96 336 129
0422.png 301 175 332 255
0423.png 209 85 230 116
0424.png 110 63 150 185
0425.png 296 134 320 204
0426.png 226 114 242 172
0427.png 67 107 114 166
0428.png 97 144 133 237
0429.png 422 103 468 142
0430.png 222 136 258 200
0431.png 317 170 341 195
0432.png 171 104 187 146
0433.png 257 109 279 171
0434.png 299 93 318 142
0435.png 62 119 139 184
0436.png 288 92 349 146
0437.png 92 150 146 237
0438.png 365 107 420 194
0439.png 369 114 436 186
0440.png 71 130 99 188 199 74 226 137
0441.png 398 140 454 207
0442.png 277 99 306 150
0443.png 364 130 403 185 94 110 138 169
0444.png 318 106 360 205
0445.png 282 117 309 176
0446.png 109 88 157 126
0447.png 310 150 341 217
0448.png 50 129 85 189
0449.png 77 90 110 141
0450.png 305 130 357 202
0451.png 255 45 275 98
0452.png 293 61 318 96
0453.png 137 92 166 142
0454.png 115 74 144 120
0455.png 119 122 148 173
0456.png 293 80 339 119
0457.png 166 108 188 173
0458.png 385 150 426 202
0459.png 237 133 260 209
0460.png 359 157 396 239
0461.png 351 116 379 172
0462.png 325 98 370 152
0463.png 59 118 125 165
0464.png 369 121 402 203
0465.png 94 111 120 177
0466.png 174 147 200 218
0467.png 376 32 417 137
0468.png 321 124 363 215
0469.png 318 82 345 118
0470.png 104 107 164 166
0471.png 292 128 318 202 168 121 181 194
0472.png 95 100 119 160
0473.png 331 130 353 176 88 130 132 180
0474.png 69 137 117 231
0475.png 98 85 129 138
0476.png 84 153 131 259
0477.png 320 108 351 163
0478.png 383 133 419 211
0479.png 314 160 338 230
0480.png 269 136 295 198
0481.png 335 121 368 198
0482.png 137 123 174 185
0483.png 73 145 102 237
0484.png 352 132 380 173
0485.png 120 142 138 224 293 121 324 209
0486.png 336 110 380 158
0487.png 125 121 157 175
0488.png 258 119 311 164
0489.png 322 107 356 176
0490.png 108 126 134 176
0491.png 341 159 376 223
0492.png 81 130 132 226
0493.png 220 137 237 234 74 129 104 227
0494.png 164 125 190 191 297 101 318 173
0495.png 103 108 151 169
0496.png 365 68 415 199
0497.png 328 142 363 240
0498.png 306 71 332 124
0499.png 242 122 256 156
0500.png 119 137 142 194
0501.png 275 117 302 189
0502.png 350 104 364 137 116 65 128 101
0503.png 407 122 444 213
0504.png 348 112 386 199
0505.png 114 84 148 134
0506.png 315 152 358 226
0507.png 210 74 229 157
0508.png 273 152 338 206
0509.png 296 119 321 187
0510.png 88 119 134 183
0511.png 296 82 314 131
0512.png 78 100 127 169
0513.png 221 129 247 188
0514.png 355 120 408 185
0515.png 335 0 399 140
0516.png 128 120 159 172
0517.png 160 83 180 121
0518.png 341 157 375 225
0519.png 309 102 340 174
0520.png 327 103 369 168
0521.png 301 77 325 113
0522.png 387 108 417 158
0523.png 43 159 68 206
0524.png 258 83 264 112 135 68 151 125
0525.png 374 118 413 186
0526.png 49 81 106 180
0527.png 351 55 399 145
0528.png 293 54 306 79
0529.png 285 14 327 112
0530.png 132 98 178 138
0531.png 293 153 343 213
0532.png 134 115 158 185
0533.png 69 99 119 150
0534.png 51 160 138 229
0535.png 137 157 178 218
0536.png 313 93 336 125 178 86 196 119
0537.png 60 179 129 267
0538.png 328 111 375 155 99 102 118 146
0539.png 303 171 354 252
0540.png 215 118 241 187 54 87 68 134
0541.png 336 123 392 172
0542.png 359 68 403 179
0543.png 421 101 471 209
0544.png 132 5 191 128
0545.png 97 101 117 131
0546.png 102 151 125 202
0547.png 293 89 320 123 18 0 46 27
0548.png 78 87 119 132
0549.png 112 120 149 168
0550.png 111 84 138 145
0551.png 167 55 200 93
0552.png 60 155 85 214 313 138 361 200
0553.png 328 100 370 157 126 96 142 153
0554.png 330 103 384 157
0555.png 142 115 168 184
0556.png 339 109 366 185
0557.png 114 85 134 143 233 83 244 141
0558.png 357 125 383 179
0559.png 133 108 166 167
0560.png 392 121 407 139 187 91 204 117
0561.png 29 172 57 232
0562.png 298 99 350 165
0563.png 295 144 331 169
0564.png 343 76 366 131 158 44 179 97
0565.png 82 96 111 174
0566.png 353 56 371 88
0567.png 153 109 175 175
0568.png 51 111 119 194
0569.png 66 98 104 170
0570.png 122 128 164 241
0571.png 313 96 375 161
0572.png 365 120 431 184
0573.png 49 117 120 184
0574.png 301 123 362 185
0575.png 278 128 312 182
0576.png 368 149 414 238
0577.png 180 80 209 118
0578.png 102 117 145 186
0579.png 85 118 140 185
0580.png 275 132 290 188 418 130 441 188
0581.png 359 112 413 189
0582.png 60 98 117 147
0583.png 15 131 70 212
0584.png 235 110 264 178
0585.png 351 162 406 282
0586.png 315 129 369 229
0587.png 250 67 278 92
0588.png 332 165 388 244
0589.png 105 76 118 96 346 69 359 88
0590.png 284 95 340 142
0591.png 174 133 205 183
0592.png 139 67 177 112
0593.png 288 105 312 142
0594.png 346 135 377 199
0595.png 355 139 412 207
0596.png 148 132 185 194
0597.png 41 174 127 258
0598.png 172 143 218 208
0599.png 278 94 309 130
0600.png 52 130 95 212
0601.png 272 139 305 183
0602.png 308 89 330 167
0603.png 360 124 384 197 57 124 107 199
0604.png 402 161 446 253
0605.png 108 104 147 173 315 91 331 161
0606.png 353 152 416 245 47 135 64 221
0607.png 141 82 154 125
0608.png 42 203 95 291
0609.png 384 129 442 209
0610.png 334 56 378 169
0611.png 316 105 350 159
0612.png 361 128 378 184
0613.png 113 159 163 264 422 138 439 242
0614.png 342 125 387 189
0615.png 76 137 112 190
0616.png 340 121 371 178
0617.png 321 107 346 174
0618.png 156 92 204 156
0619.png 133 111 168 155
0620.png 314 74 333 108
0621.png 23 78 57 176
0622.png 119 77 139 110
0623.png 328 117 354 166 201 96 221 148
0624.png 267 87 299 133
0625.png 170 137 234 190
0626.png 338 139 399 209
0627.png 348 137 392 188 173 106 192 162
0628.png 186 103 229 142
0629.png 248 125 318 196
0630.png 218 131 286 188
0631.png 263 147 357 190
0632.png 165 105 191 137
0633.png 129 154 170 220
0634.png 216 136 257 212
0635.png 327 128 361 200
0636.png 267 76 304 112
0637.png 323 85 350 114 172 75 192 104
0638.png 270 142 298 161 279 36 302 52
0639.png 134 65 152 101
0640.png 304 115 325 177
0641.png 85 80 99 105 415 66 430 88
0642.png 395 85 436 198
0643.png 59 125 135 185
0644.png 352 98 402 184
0645.png 138 53 165 87
0646.png 355 104 405 179
0647.png 192 89 210 143
0648.png 274 75 290 109
0649.png 150 71 180 106
0650.png 87 96 105 153
0651.png 121 164 168 266
0652.png 419 132 448 210
0653.png 400 94 426 162
0654.png 31 145 69 232
0655.png 198 195 218 246
0656.png 87 166 127 236
0657.png 384 110 410 187
0658.png 116 191 161 262
0659.png 338 95 405 229
0660.png 288 94 304 130
0661.png 49 190 129 252
0662.png 307 119 338 208
0663.png 128 145 170 187
0664.png 255 175 281 230
0665.png 332 131 354 198
0666.png 145 129 175 197
0667.png 13 56 76 192
0668.png 204 162 227 220 348 128 378 194
0669.png 312 159 348 274 115 112 149 234
0670.png 369 147 408 229
0671.png 33 146 103 222
0672.png 427 102 468 174
0673.png 92 116 120 165
0674.png 331 121 373 174
0675.png 113 162 152 211 352 128 397 187
0676.png 369 158 407 227
0677.png 361 127 415 202
0678.png 37 124 106 219
0679.png 182 139 210 221
0680.png 139 121 168 205 310 114 332 198
0681.png 369 130 430 198 77 119 120 189
0682.png 366 134 399 213 87 127 137 211
0683.png 83 159 122 225 351 144 402 213
0684.png 335 161 396 215 81 125 106 180
0685.png 340 137 406 215
0686.png 122 120 157 177
0687.png 132 91 168 137
0688.png 61 142 126 206
0689.png 333 125 373 185
0690.png 325 63 343 90 201 52 215 78
0691.png 114 152 140 227 293 132 314 212
0692.png 372 129 421 190
0693.png 312 110 338 160
0694.png 311 96 349 138
0695.png 277 128 301 187
0696.png 370 126 419 189
0697.png 96 99 124 178
0698.png 90 126 115 190
0699.png 118 51 145 189 349 34 375 179
0700.png 84 103 108 177
0701.png 177 68 196 102 336 65 349 100
0702.png 286 192 311 212 46 57 82 99
0703.png 299 118 333 182
0704.png 262 112 291 165
0705.png 338 74 376 157
0706.png 17 154 84 239
0707.png 337 86 434 165
0708.png 259 102 286 165
0709.png 73 156 101 211 195 136 201 189
0710.png 277 136 319 226
0711.png 301 135 341 212
0712.png 306 128 320 175 207 120 225 169
0713.png 170 96 189 131
0714.png 359 110 402 176 111 110 134 174
0715.png 157 132 183 191
0716.png 79 117 119 184
0717.png 313 112 362 176
0718.png 114 99 161 145 347 95 363 140
0719.png 44 117 109 177
0720.png 328 123 364 198 167 100 183 177
0721.png 74 117 125 191
0722.png 354 110 416 192
0723.png 147 116 176 199
0724.png 148 94 198 150
0725.png 126 112 180 159
0726.png 276 75 298 121
0727.png 156 99 189 167
0728.png 388 52 465 204
0729.png 317 150 375 245
0730.png 403 118 419 174 276 117 293 173
0731.png 108 155 168 268
0732.png 212 131 247 193
0733.png 278 113 307 167
0734.png 177 107 199 171
0735.png 125 98 152 141
0736.png 103 123 127 208
0737.png 326 124 349 184
0738.png 158 90 175 118
0739.png 312 100 349 151
0740.png 327 136 350 192
0741.png 97 107 114 144 337 96 370 147
0742.png 104 55 135 130
0743.png 285 102 331 199
0744.png 87 112 102 148
0745.png 308 125 331 176
0746.png 51 75 114 211
0747.png 307 84 370 140
0748.png 137 109 169 170
0749.png 62 101 114 220
0750.png 295 127 313 189 123 123 151 186
